5
0
0
0
1
0
10706114264460110050457588712358818565366542886127036494668496048116313960628
13548223492473821786859051987866328430083015878580411074224036565294764701796
1036655644291733281069138531910740726352868489227923941436977890987282561183
19821870754649275802606192466071226109980248110174416471904736946240661091961
14511424751879613107653248472319564079528270236682843892052926319793166963356
5359061494509045400134023327126855423872778715870085028526672414956961363730
17329967847018736779313272697778373155692499479687440044529624926461034325653
1828948841612112895183469380092526534078808588794574195489763459658816348296
5815300087572639787419651648957658941956751513528311455864644862729969419578
20307644234552803634982581270827596680797500500438935752223927559099713205469
17989700645233333695611923874302209497463102517934275205786450210177426030224
16379548002456507655594925849881710099785146735493604008650170941962782141022
10019274238828653740407940623307279498400580806934928042163513874889584570246
335346134788626158534799452864359397886887580396492117088416881673631699073