6
0
0
0
1
0
0
10706114264460110050457588712358818565366542886127036494668496048116313960628
13548223492473821786859051987866328430083015878580411074224036565294764701796
1036655644291733281069138531910740726352868489227923941436977890987282561183
19821870754649275802606192466071226109980248110174416471904736946240661091961
14511424751879613107653248472319564079528270236682843892052926319793166963356
5359061494509045400134023327126855423872778715870085028526672414956961363730
17329967847018736779313272697778373155692499479687440044529624926461034325653
1828948841612112895183469380092526534078808588794574195489763459658816348296
15462633534304691633606898770160922860730640673648521240199691101055402234400
16363397982949671908351669761917200280944103531454946907776208314612452852365
2188945468521171226328779252906469957371054053594126313730131280446245351922
21538146822773369229164896261776088370277755048072054295680622931146265128510
17989700645233333695611923874302209497463102517934275205786450210177426030224
16379548002456507655594925849881710099785146735493604008650170941962782141022
6375040642742378331083429684441651301172768869678539642376511823272319438911
19210729929230208031656622729690289220218970684079130057948111014994877151115