4
0
0
0
1
10706114264460110050457588712358818565366542886127036494668496048116313960628
13548223492473821786859051987866328430083015878580411074224036565294764701796
1
1
1
1
17329967847018736779313272697778373155692499479687440044529624926461034325653
1828948841612112895183469380092526534078808588794574195489763459658816348296
17989700645233333695611923874302209497463102517934275205786450210177426030224
16379548002456507655594925849881710099785146735493604008650170941962782141022
17226941578612288629184328960013539125167161056706562772499975151575150712128
17585923571813941844637623078340219552819234291106596756301153644001108734015